1 0xbddeaaff 189 222 170
2 0xbde6f8ff 189 230 248
3 0xfce8c0ff 252 232 192
4 0xbab9ddff 186 185 221
5 0xdfb5d4ff 223 181 212
6 0xc3e5d6ff 195 229 214
7 0xeaf0b7ff 234 240 183
8 0xe6d7e9ff 230 215 233
9 0xfbd2c7ff 251 210 199
10 0xbcd4efff 188 212 239
11 0xeaf3d1ff 234 243 209
12 0xf1b4d2ff 241 180 210
13 0xf8b2b7ff 248 178 183
14 0xc8b3d6ff 200 179 214
15 0xd7e9beff 215 233 190
16 0xe8c6deff 232 198 222
17 0xd4edecff 212 237 236
18 0xd8e5f5ff 216 229 245
19 0xfad7e6ff 250 215 230
20 0xc1e2c2ff 193 226 194
21 0xbde4e7ff 189 228 231
22 0xf9f8c9ff 249 248 201
23 0xcfcce6ff 207 204 230
24 0xfcd3b3ff 252 211 179
25 0xf3d3e5ff 243 211 229
26 0xd8f0faff 216 240 250
27 0xfbfad8ff 251 250 216
28 0xd4c2deff 212 194 222
29 0xfce9d7ff 252 233 215
30 0xd8ecdaff 216 236 218
31 0xfac6cbff 250 198 203
32 0xfbc7b3ff 251 199 179
33 0xfaf6b5ff 250 246 181
34 0xd4d7edff 212 215 237
35 0xd9ecceff 217 236 206
36 0xf6bed7ff 246 190 215
